{
  "n": 14,
  "D": [
    [
      0,
      76,
      63,
      61,
      53,
      84,
      41,
      69,
      44,
      17,
      77,
      73,
      58,
      66
    ],
    [
      76,
      0,
      52,
      31,
      54,
      38,
      64,
      32,
      38,
      85,
      54,
      68,
      29,
      78
    ],
    [
      63,
      52,
      0,
      23,
      47,
      55,
      53,
      49,
      71,
      72,
      34,
      43,
      21,
      66
    ],
    [
      61,
      31,
      23,
      0,
      60,
      55,
      54,
      53,
      69,
      47,
      44,
      56,
      36,
      31
    ],
    [
      53,
      54,
      47,
      60,
      0,
      74,
      60,
      89,
      29,
      49,
      95,
      49,
      47,
      38
    ],
    [
      84,
      38,
      55,
      55,
      74,
      0,
      61,
      20,
      41,
      64,
      90,
      64,
      49,
      64
    ],
    [
      41,
      64,
      53,
      54,
      60,
      61,
      0,
      81,
      58,
      31,
      51,
      67,
      51,
      51
    ],
    [
      69,
      32,
      49,
      53,
      89,
      20,
      81,
      0,
      50,
      64,
      41,
      71,
      42,
      58
    ],
    [
      44,
      38,
      71,
      69,
      29,
      41,
      58,
      50,
      0,
      75,
      75,
      49,
      80,
      65
    ],
    [
      17,
      85,
      72,
      47,
      49,
      64,
      31,
      64,
      75,
      0,
      39,
      29,
      32,
      57
    ],
    [
      77,
      54,
      34,
      44,
      95,
      90,
      51,
      41,
      75,
      39,
      0,
      41,
      91,
      50
    ],
    [
      73,
      68,
      43,
      56,
      49,
      64,
      67,
      71,
      49,
      29,
      41,
      0,
      46,
      33
    ],
    [
      58,
      29,
      21,
      36,
      47,
      49,
      51,
      42,
      80,
      32,
      91,
      46,
      0,
      59
    ],
    [
      66,
      78,
      66,
      31,
      38,
      64,
      51,
      58,
      65,
      57,
      50,
      33,
      59,
      0
    ]
  ]
}