use tsp
db.matrix.deleteOne({_id:'D8'});
db.matrix.insertOne({_id:'D8', n:8, D:[[0, 76, 63, 61, 53, 84, 41, 69], [76, 0, 52, 31, 54, 38, 64, 32], [63, 52, 0, 23, 47, 55, 53, 49], [61, 31, 23, 0, 60, 55, 54, 53], [53, 54, 47, 60, 0, 74, 60, 89], [84, 38, 55, 55, 74, 0, 61, 20], [41, 64, 53, 54, 60, 61, 0, 81], [69, 32, 49, 53, 89, 20, 81, 0]]});
