use tsp
db.matrix.deleteOne({_id:'D16'});
db.matrix.insertOne({_id:'D16', n:16, D:[[0, 63, 44, 44, 70, 53, 47, 46, 74, 68, 59, 69, 39, 39, 87, 61], [63, 0, 45, 60, 46, 56, 70, 83, 66, 81, 54, 51, 61, 61, 27, 84], [44, 45, 0, 77, 86, 54, 52, 28, 51, 93, 79, 60, 30, 69, 87, 75], [44, 60, 77, 0, 35, 61, 66, 80, 66, 39, 39, 51, 83, 92, 50, 15], [70, 46, 86, 35, 0, 34, 44, 69, 64, 80, 18, 84, 29, 48, 41, 63], [53, 56, 54, 61, 34, 0, 47, 32, 49, 69, 55, 44, 81, 81, 53, 64], [47, 70, 52, 66, 44, 47, 0, 77, 31, 65, 82, 73, 59, 49, 76, 76], [46, 83, 28, 80, 69, 32, 77, 0, 61, 65, 31, 44, 78, 46, 66, 60], [74, 66, 51, 66, 64, 49, 31, 61, 0, 54, 63, 35, 58, 28, 85, 35], [68, 81, 93, 39, 80, 69, 65, 65, 54, 0, 47, 77, 80, 43, 37, 35], [59, 54, 79, 39, 18, 55, 82, 31, 63, 47, 0, 54, 39, 47, 67, 40], [69, 51, 60, 51, 84, 44, 73, 44, 35, 77, 54, 0, 54, 63, 40, 71], [39, 61, 30, 83, 29, 81, 59, 78, 58, 80, 39, 54, 0, 53, 87, 51], [39, 61, 69, 92, 48, 81, 49, 46, 28, 43, 47, 63, 53, 0, 42, 25], [87, 27, 87, 50, 41, 53, 76, 66, 85, 37, 67, 40, 87, 42, 0, 46], [61, 84, 75, 15, 63, 64, 76, 60, 35, 35, 40, 71, 51, 25, 46, 0]]});
