use tsp
db.matrix.deleteOne({_id:'D6'});
db.matrix.insertOne({_id:'D6', n:6, D:[[0, 63, 44, 44, 70, 53], [63, 0, 45, 60, 46, 56], [44, 45, 0, 77, 86, 54], [44, 60, 77, 0, 35, 61], [70, 46, 86, 35, 0, 34], [53, 56, 54, 61, 34, 0]]});
