use tsp
db.matrix.deleteOne({_id:'D10'});
db.matrix.insertOne({_id:'D10', n:10, D:[[0, 63, 44, 44, 70, 53, 47, 46, 74, 68], [63, 0, 45, 60, 46, 56, 70, 83, 66, 81], [44, 45, 0, 77, 86, 54, 52, 28, 51, 93], [44, 60, 77, 0, 35, 61, 66, 80, 66, 39], [70, 46, 86, 35, 0, 34, 44, 69, 64, 80], [53, 56, 54, 61, 34, 0, 47, 32, 49, 69], [47, 70, 52, 66, 44, 47, 0, 77, 31, 65], [46, 83, 28, 80, 69, 32, 77, 0, 61, 65], [74, 66, 51, 66, 64, 49, 31, 61, 0, 54], [68, 81, 93, 39, 80, 69, 65, 65, 54, 0]]});
