use tsp
db.matrix.deleteOne({_id:'D12'});
db.matrix.insertOne({_id:'D12', n:12, D:[[0, 63, 44, 44, 70, 53, 47, 46, 74, 68, 59, 69], [63, 0, 45, 60, 46, 56, 70, 83, 66, 81, 54, 51], [44, 45, 0, 77, 86, 54, 52, 28, 51, 93, 79, 60], [44, 60, 77, 0, 35, 61, 66, 80, 66, 39, 39, 51], [70, 46, 86, 35, 0, 34, 44, 69, 64, 80, 18, 84], [53, 56, 54, 61, 34, 0, 47, 32, 49, 69, 55, 44], [47, 70, 52, 66, 44, 47, 0, 77, 31, 65, 82, 73], [46, 83, 28, 80, 69, 32, 77, 0, 61, 65, 31, 44], [74, 66, 51, 66, 64, 49, 31, 61, 0, 54, 63, 35], [68, 81, 93, 39, 80, 69, 65, 65, 54, 0, 47, 77], [59, 54, 79, 39, 18, 55, 82, 31, 63, 47, 0, 54], [69, 51, 60, 51, 84, 44, 73, 44, 35, 77, 54, 0]]});
