use tsp
db.matrix.deleteOne({_id:'D10'});
db.matrix.insertOne({_id:'D10', n:10, D:[[0, 76, 63, 61, 53, 84, 41, 69, 44, 17], [76, 0, 52, 31, 54, 38, 64, 32, 38, 85], [63, 52, 0, 23, 47, 55, 53, 49, 71, 72], [61, 31, 23, 0, 60, 55, 54, 53, 69, 47], [53, 54, 47, 60, 0, 74, 60, 89, 29, 49], [84, 38, 55, 55, 74, 0, 61, 20, 41, 64], [41, 64, 53, 54, 60, 61, 0, 81, 58, 31], [69, 32, 49, 53, 89, 20, 81, 0, 50, 64], [44, 38, 71, 69, 29, 41, 58, 50, 0, 75], [17, 85, 72, 47, 49, 64, 31, 64, 75, 0]]});
