use tsp
db.matrix.deleteOne({_id:'D6'});
db.matrix.insertOne({_id:'D6', n:6, D:[[0, 76, 63, 61, 53, 84], [76, 0, 52, 31, 54, 38], [63, 52, 0, 23, 47, 55], [61, 31, 23, 0, 60, 55], [53, 54, 47, 60, 0, 74], [84, 38, 55, 55, 74, 0]]});
